2       -1     1     -1      1     -1      1     -1      1     -1      1
3       -2     1     -2      1     -2      1     -2      1     -2      1
5       -1     1     -1      1     -1      1     -1      1     -1      1
6       -2     1     -2      1     -2      1     -2      1     -2      1
7       -3     2     -3      1     -3      2     -3      1     -3      2
8       -4     1     -4      1     -4      1     -4      1     -4      1
10      -1     1     -1      1     -1      1     -1      1     -1      1
11      -2     1     -2      1     -2      1     -2      1     -2      1
12      -3     1     -3      1     -3      1     -3      1     -3      1
13      -4     3     -3      4     -1      4     -3      3     -4      1
14      -5     2     -5      1     -5      2     -5      1     -5      2
15      -6     1     -6      1     -6      1     -6      1     -6      1
17      -1     1     -1      1     -1      1     -1      1     -1      -
18      -2     1     -2      1     -2      1     -2      1     -2      1
19      -3     5     -2      5     -3      1     -3      5     -2      5
20      -4     1     -4      1     -4      1     -4      1     -4      1
21      -5     4     -3      4     -5      1     -5      4     -3      4
22      -6     3     -2      3     -6      1     -6      3     -2      3
23      -7     2     -7      1     -7      2     -7      1     -7      2
24      -8     1     -8      1     -8      1     -8      1     -8      1
26      -1     1     -1      1     -1      1     -1      1      0      0
27      -2     1     -2      1     -2      1     -2      1     -2      0
28      -3     4     -3      1     -3      4     -3      1     -3      4
29      -4     5     -5      4     -1      4     -5      5     -4      1
30      -5     1     -5      1     -5      1     -5      1     -5      1
31      -6     5     -3      2     -3      5     -6      1     -6      5
32      -7     4     -7      1     -7      4     -7      1     -7      4
33      -8     3     -8      1     -8      3     -8      1     -8      3
34      -9     2     -9      1     -9      2     -9      1     -9      2
35     -10     1    -10      1    -10      1    -10      1    -10      1
37      -1     1     -1      1     -1      1     -1      0      0    131072
38      -2     1     -2      1     -2      1     -2      1     -4      0
39      -3     1     -3      1     -3      1     -3      1     -3      0
40      -4     1     -4      1     -4      1     -4      1     -4      1
41      -5     5     -1      5     -5      1     -5      5     -1      5
42      -6     1     -6      1     -6      1     -6      1     -6      1
43      -7     6     -3      9     -2      9     -3      6     -7      1
44      -8     5     -7      4     -7      5     -8      1     -8      5
45      -9     4     -5      4     -9      1     -9      4     -5      4
46     -10     3     -7      6     -5      2     -5      6     -7      3
47     -11     2    -11      1    -11      2    -11      1    -11      2
48     -12     1    -12      1    -12      1    -12      1    -12      1
50      -1     1     -1      1     -1      1     -1      0      0      0










          
          -1           1          -1           1          -1           1          -1           1          -1           1
          -2           1          -2           1          -2           1          -2           1          -2           1
          -1           1          -1           1          -1           1          -1           1          -1           1
          -2           1          -2           1          -2           1          -2           1          -2           1
          -3           2          -3           1          -3           2          -3           1          -3           2
          -4           1          -4           1          -4           1          -4           1          -4           1
          -1           1          -1           1          -1           1          -1           1          -1           1
          -2           1          -2           1          -2           1          -2           1          -2           1
          -3           1          -3           1          -3           1          -3           1          -3           1
          -4           3          -3           4          -1           4          -3           3          -4           1
          -5           2          -5           1          -5           2          -5           1          -5           2
          -6           1          -6           1          -6           1          -6           1          -6           1
          -1           1          -1           1          -1           1          -1           1          -1           0
          -2           1          -2           1          -2           1          -2           1          -2           1
          -3           5          -2           5          -3           1          -3           5          -2           5
          -4           1          -4           1          -4           1          -4           1          -4           1
          -5           4          -3           4          -5           1          -5           4          -3           4
          -6           3          -2           3          -6           1          -6           3          -2           3
          -7           2          -7           1          -7           2          -7           1          -7           2
          -8           1          -8           1          -8           1          -8           1          -8           1
          -1           1          -1           1          -1           1          -1           1           0           0
          -2           1          -2           1          -2           1          -2           1          -2           0
          -3           4          -3           1          -3           4          -3           1          -3           4
          -4           5          -5           4          -1           4          -5           5          -4           1
          -5           1          -5           1          -5           1          -5           1          -5           1
          -6           5          -3           2          -3           5          -6           1          -6           5
          -7           4          -7           1          -7           4          -7           1          -7           4
          -8           3          -8           1          -8           3          -8           1          -8           3
          -9           2          -9           1          -9           2          -9           1          -9           2
         -10           1         -10           1         -10           1         -10           1         -10           1
          -1           1          -1           1          -1           1          -1           0           0      131072
          -2           1          -2           1          -2           1          -2           1          -4           0
          -3           1          -3           1          -3           1          -3           1          -3           0
          -4           1          -4           1          -4           1          -4           1          -4           1
          -5           5          -1           5          -5           1          -5           5          -1           5
          -6           1          -6           1          -6           1          -6           1          -6           1
          -7           6          -3           9          -2           9          -3           6          -7           1
          -8           5          -7           4          -7           5          -8           1          -8           5
          -9           4          -5           4          -9           1          -9           4          -5           4
         -10           3          -7           6          -5           2          -5           6          -7           3
         -11           2         -11           1         -11           2         -11           1         -11           2
         -12           1         -12           1         -12           1         -12           1         -12           1
          -1           1          -1           1          -1           1          -1           0           0           0